0.767792 0.01
0.600115 0.01
0.7127 0.01
0.01 0.0517441
0.01 0.0347774
0.99 0.0664295
0.01 0.99
0.0191184 0.99
0.99 0.944402
0.0936375 0.99
0.759971 0.01
0.672371 0.01
0.974206 0.0224198
0.260724 0.01
0.940435 0.01
0.324308 0.01
0.349666 0.01
0.01 0.126971
0.782857 0.01
0.91625 0.0259591
0.759957 0.99
0.39418 0.01
0.0222586 0.874847
0.102145 0.01
0.956432 0.0133976
0.316143 0.01
0.503731 0.541154
0.01 0.979837
0.624963 0.01
0.99 0.951235
0.608711 0.01
0.981841 0.01
0.99 0.932221
0.0182479 0.0184056
0.79831 0.01
0.0359711 0.01
0.820205 0.0258965
0.99 0.99
0.648982 0.01
0.870288 0.0223752
0.99 0.980794
0.704197 0.01
0.116288 0.99
0.238631 0.0233748
0.867086 0.917551
0.0180889 0.0286542
0.982547 0.0472912
0.878294 0.0184685
0.01 0.150247
0.0337968 0.0264657
0.898877 0.0269612
0.186098 0.01
0.735987 0.01
0.99 0.170695
0.292657 0.01
0.99 0.01
0.205516 0.01
0.0126956 0.96143
0.613542 0.0387279
0.060935 0.01
0.830384 0.01
0.196983 0.01
0.632916 0.01
0.793098 0.0316791
0.077097 0.01
0.775287 0.01
0.886944 0.0183837
0.0253482 0.0229034
0.825605 0.0173659
0.812759 0.042591
0.66467 0.01
0.925282 0.025431
0.0624719 0.0541228
0.821642 0.01
0.01 0.166064
0.284996 0.01
0.99 0.0737162
0.981804 0.0183633
0.727985 0.01
0.751971 0.01
0.01 0.0262795
0.921323 0.0178207
0.369983 0.01
0.641056 0.01
0.891207 0.01
0.732809 0.99
0.81378 0.01
0.0549478 0.0245424
0.981869 0.0274091
0.899739 0.01
0.01 0.0614781
0.0690174 0.01
0.790584 0.01
0.0970284 0.251011
0.01 0.114702
0.99 0.334106
0.769208 0.0182647
0.981204 0.0372633
0.042747 0.0261158
0.99 0.114897
0.0260819 0.0317312
0.230501 0.01
0.806041 0.01
0.966385 0.026671
0.688031 0.01
0.912704 0.0180743
0.300272 0.01
0.838458 0.01
0.974396 0.0314763
0.01 0.0179693
0.967543 0.0176121
0.0185744 0.0374852
0.99 0.915657
0.964304 0.01
0.63661 0.0176069
0.99 0.347045
0.844275 0.0178251
0.616708 0.01
0.99 0.052261
0.724144 0.0178915
0.743982 0.01
0.782257 0.019478
0.01 0.133534
0.861169 0.017036
0.01 0.775808
0.72032 0.01
0.852754 0.0182084
0.99 0.9617
0.87309 0.01
0.0271812 0.01
0.252968 0.01
0.99 0.0432971
0.99 0.970177
0.310886 0.0445245
0.931858 0.0187562
0.093734 0.01
0.99 0.0262212
0.0184992 0.01
0.308167 0.01
0.941275 0.01907
0.26914 0.01
0.854569 0.01
0.332601 0.01
0.213747 0.01
0.202524 0.0191777
0.340551 0.01
0.680162 0.01
0.948554 0.01
0.01 0.01
0.908063 0.01
0.358557 0.01
0.0444994 0.01
0.816623 0.847544
0.943996 0.0894916
0.84643 0.01
0.834546 0.0174243
0.031642 0.0173663
0.99 0.017982
0.0188835 0.7619
0.71546 0.0181943
0.904126 0.0192741
0.0652382 0.0184264
0.99 0.0830222
0.132612 0.01
0.01 0.0433129
0.169176 0.858236
0.04946 0.0179067
0.381839 0.01
0.696033 0.01
0.245843 0.01
0.895694 0.0178637
0.01 0.786449
0.2771 0.01
0.924258 0.01
0.110885 0.01
0.864168 0.01
0.01 0.071283
0.0529186 0.01
0.916333 0.01
0.01 0.857407
0.733071 0.0175299
0.99 0.0986548
0.01 0.108396
0.932244 0.01
0.0405153 0.017669
0.238495 0.01
0.0100174 0.341396
0.01 0.967856
0.973238 0.01
0.99 0.0346697
0.959525 0.0214772
0.706896 0.0177236
0.064075 0.336886
0.656953 0.01
0.94451 0.0269465
0.0853606 0.01
0.882551 0.01
0.947557 0.0458341
0.222304 0.01
0.99 0.0598608
